---
- added: 8
  cycles: 1
  error: Failed to open TCP connection to api.github.com:443 (execution expired)
  removed: 8
  seconds: 104.366203713
  version: 0.31.1
  what: judges-summary
  when: 2026-03-07 14:30:15.936178940 Z
- _id: 1
  _time: 2026-03-07 14:28:31.907039903 Z
  _version: 0.5.0/0.31.1/
  what: dimensions-of-terrain
  when: 2026-03-07 14:28:31.907170850 Z
- _id: 2
  _time: 2026-03-07 14:29:44.662190346 Z
  _version: 0.5.0/0.31.1/
  since: 2026-02-07 14:29:44.662448762 Z
  what: quality-of-service
  when: 2026-03-07 14:29:44.662391815 Z
- _id: 3
  _time: 2026-03-07 14:30:00.376921843 Z
  _version: 0.5.0/0.31.1/
  since: 2026-02-07 14:30:00.377087094 Z
  what: quantity-of-deliverables
  when: 2026-03-07 14:30:00.377050405 Z
