---
- added: 8
  cycles: 1
  error: Failed to open TCP connection to api.github.com:443 (execution expired)
  removed: 8
  seconds: 166.937800502
  version: 0.31.1
  what: judges-summary
  when: 2026-02-05 23:26:32.387083412 Z
- _id: 1
  _time: 2026-02-05 23:24:42.932792248 Z
  _version: 0.5.0/0.31.1/
  total_commits: 48479
  total_contributors: 486
  total_files: 14318
  total_forks: 366
  total_issues: 4367
  total_pulls: 7896
  total_releases: 825
  total_repositories: 37
  total_stars: 1725
  what: dimensions-of-terrain
  when: 2026-02-05 23:23:45.775805641 Z
- _id: 2
  _time: 2026-02-05 23:26:02.322646561 Z
  _version: 0.5.0/0.31.1/
  since: 2026-01-08 23:26:02.322800969 Z
  what: quality-of-service
  when: 2026-02-05 23:26:02.322764701 Z
- _id: 3
  _time: 2026-02-05 23:26:17.383780575 Z
  _version: 0.5.0/0.31.1/
  since: 2026-01-08 23:26:17.384021935 Z
  what: quantity-of-deliverables
  when: 2026-02-05 23:26:17.383962955 Z
