---
- added: 8
  cycles: 1
  error:
  - Failed to open TCP connection to api.github.com:443 (execution expired)
  - Net::OpenTimeout
  removed: 8
  seconds: 102.557632482
  version: 0.31.1
  what: judges-summary
  when: 2025-07-21 07:31:19.204004137 Z
- _id: 1
  _time: 2025-07-21 07:29:36.984230847 Z
  _version: 0.5.0/0.31.1/
  what: dimensions-of-terrain
  when: 2025-07-21 07:29:36.984377070 Z
- _id: 2
  _time: 2025-07-21 07:30:45.530593560 Z
  _version: 0.5.0/0.31.1/
  since: 2025-06-23 07:30:45.531188118 Z
  what: quality-of-service
  when: 2025-07-21 07:30:45.531071160 Z
- _id: 3
  _time: 2025-07-21 07:31:03.464266013 Z
  _version: 0.5.0/0.31.1/
  since: 2025-06-23 07:31:03.464413388 Z
  what: quantity-of-deliverables
  when: 2025-07-21 07:31:03.464378904 Z
