---
- added: 8
  cycles: 1
  error: Failed to open TCP connection to api.github.com:443 (execution expired)
  removed: 8
  seconds: 108.915738552
  version: 0.31.1
  what: judges-summary
  when: 2025-12-18 08:33:17.086004700 Z
- _id: 1
  _time: 2025-12-18 08:31:28.520937728 Z
  _version: 0.5.0/0.31.1/
  what: dimensions-of-terrain
  when: 2025-12-18 08:31:28.521127270 Z
- _id: 2
  _time: 2025-12-18 08:32:40.123992584 Z
  _version: 0.5.0/0.31.1/
  since: 2025-11-20 08:32:40.124147131 Z
  what: quality-of-service
  when: 2025-12-18 08:32:40.124109511 Z
- _id: 3
  _time: 2025-12-18 08:32:58.558695455 Z
  _version: 0.5.0/0.31.1/
  since: 2025-11-20 08:32:58.558849371 Z
  what: quantity-of-deliverables
  when: 2025-12-18 08:32:58.558811280 Z
