---
- added: 8
  cycles: 1
  error: Failed to open TCP connection to api.github.com:443 (execution expired)
  removed: 8
  seconds: 117.325617715
  version: 0.31.1
  what: judges-summary
  when: 2025-12-21 05:22:57.013916748 Z
- _id: 1
  _time: 2025-12-21 05:21:00.038340761 Z
  _version: 0.5.0/0.31.1/
  what: dimensions-of-terrain
  when: 2025-12-21 05:21:00.038508223 Z
- _id: 2
  _time: 2025-12-21 05:22:06.616215022 Z
  _version: 0.5.0/0.31.1/
  since: 2025-11-23 05:22:06.616368980 Z
  what: quality-of-service
  when: 2025-12-21 05:22:06.616331820 Z
- _id: 3
  _time: 2025-12-21 05:22:22.091572217 Z
  _version: 0.5.0/0.31.1/
  since: 2025-11-23 05:22:22.091804720 Z
  what: quantity-of-deliverables
  when: 2025-12-21 05:22:22.091748195 Z
